4566870
17982015
428229501
489582196
490829135
499344359
757151159
145283705
152975827
490348021
501042658
521283847
939170972
657655096
72396236
499768257
500927249
503449547
1008854267
284012163
383796112
511082402
1008855571
504400070
941506071
974124474
295982818
409971038
504398963
619492483
504398960
312183545
110621459
851251321
1054611794
295434013
14325026
500170243
501689314
505348509
694166397
1007509962
499630727
1008840011
125125
527044855
740896638
490830325
516842611
119524621
478765144
502865607
505097512
941491830
998158713
471674839
499483845
503791628
284029411
488797481
490730651
499288890
502683502
499963807
692534809
976366
488796604
654943247
655039526
226366
145282091
406999774
494814282
496509619
503473426
505207355
541193688
550924298
551289410
655039462
851216048
851287965
116665520
503095835
516264783
170934107
397682756
445753835
494636072
503100689
656287850
974289397
1024306657
502923607
1043243268
490134666
944559868
110589474
495359497
499181333
499484458
488796710
545903530
499204295
851136971
974126104
518007349
502980525
518761322
223717934
306921967
500077072
974289153
490393583
76884866
495098179
498298102
493335990
118578
72398228
505304759
974124520
118194148
503178840
735011195
298288327
495664664
851287426
985673447
518385091
657674473
1055287260
288894275
488903149
1024300943
499625820
970459253
177826798
494834753
495305095
495339880
500156292
503713445
504564157
505409291
505410600
518739684
518928173
518928446
518930370
519017982
519020347
563453456
563761184
639180998
653046273
655311458
743967121
743967804
743968035
973113006

